10.000 0.050 155.95 PbSO4 D1A(ILL)(Rietveld Refinement Round Robin,R.J. Hill,JApC 25,589)
   220   214   219   224   198   229   224   216   202   229
   202   215   215   196   235   207   205   238   202   213
   226   198   222   186   216   218   225   200   196   224
   199   204   189   211   190   184   204   204   219   207
   227   211   193   206   208   191   194   185   200   203
   197   203   200   200   205   208   205   201   221   218
   218   216   202   206   197   210   199   219   192   211
   199   196   195   203   202   200   199   191   204   191
   200   199   197   202   210   202   198   191   194   198
   194   193   212   214   197   195   205   209   203   197
   191   192   215   194   189   188   202   201   198   208
   197   187   187   190   197   200   193   180   194   206
   195   193   205   194   196   194   199   207   188   203
   188   180   198   200   201   210   206   189   194   187
   195   201   197   206   208   199   192   193   204   201
   200   177   193   199   201   194   184   192   199   190
   183   189   196   196   198   210   212   219   198   195
   198   191   193   197   194   187   209   187   198   206
   197   191   200   207   205   198   196   209   211   203
   200   192   208   213   221   216   226   228   228   215
   224   226   213   239   250   247   240   231   236   223
   231   226   214   208   214   196   204   199   186   192
   199   200   184   184   189   182   184   185   195   190
   194   185   183   193   194   193   188   191   189   188
   201   195   205   200   200   192   197   204   207   192
   201   190   195   194   182   189   196   196   200   190
   183   199   187   196   191   191   195   194   192   182
   188   203   187   192   206   201   184   192   205   196
   193   194   195   194   201   193   176   187   188   196
   192   185   195   198   205   200   208   195   187   193
   197   202   193   196   202   201   197   204   208   206
   212   207   207   212   216   218   221   218   207   203
   204   202   206   202   202   181   193   205   198   196
   197   195   201   205   195   196   196   205   198   200
   199   180   187   193   197   197   196   194   197   204
   201   187   191   205   200   198   200   204   196   195
   194   200   198   201   208   205   211   211   220   220
   212   208   214   226   235   233   237   242   242   245
   239   226   232   238   226   218   218   214   205   200
   193   195   196   195   207   215   207   218   218   220
   220   229   236   254   264   280   289   289   303   302
   297   281   278   280   265   258   243   240   232   231
   233   246   248   249   256   272   289   311   340   363
   393   440   474   482   492   508   494   475   439   413
   368   331   299   286   262   241   238   252   267   276
   278   300   325   336   359   405   458   501   564   640
   719   783   837   851   866   828   763   697   634   541
   465   391   351   301   284   260   248   257   242   246
   263   271   281   302   309   335   342   345   356   351
   341   334   321   286   268   256   238   229   218   223
   216   203   203   194   205   196   193   206   201   201
   201   200   194   196   203   195   196   211   216   207
   215   221   237   248   261   279   319   337   364   423
   489   557   630   729   822   943  1059  1196  1235  1220
  1209  1128  1001   864   729   601   496   418   355   313
   263   246   226   214   222   222   211   211   202   198
   192   193   196   201   203   203   201   198   196   206
   210   197   204   200   205   196   195   205   204   200
   203   208   207   202   203   198   204   210   216   210
   229   239   247   278   302   324   371   420   465   538
   630   739   851   976  1076  1161  1222  1227  1187  1096
   964   833   708   587   512   436   391   384   370   391
   419   448   490   567   626   687   735   780   782   745
   721   662   595   527   446   393   335   301   276   251
   242   229   209   215   218   214   209   208   212   210
   209   210   205   209   211   211   216   205   204   202
   201   200   207   205   202   209   202   203   206   206
   200   194   199   204   205   210   207   205   210   204
   203   202   205   201   201   207   197   198   203   209
   209   208   204   209   199   204   206   201   205   202
   204   198   198   213   210   212   214   215   217   210
   214   215   215   215   217   222   231   247   252   273
   304   332   366   408   463   532   619   734   828   944
  1003  1055  1070  1018   944   833   725   633   507   445
   379   347   316   282   267   269   281   288   300   327
   346   380   400   430   453   459   451   427   402   375
   344   309   277   265   246   246   230   223   227   225
   217   217   223   223   220   223   226   248   258   274
   297   324   355   393   458   528   589   688   781   840
   876   874   832   765   682   613   524   455   408   384
   366   375   392   426   470   519   588   639   681   704
   693   650   600   540   478   412   376   345   330   337
   350   383   426   493   571   676   803   920  1071  1183
  1247  1255  1251  1183  1068   945   861   811   813   872
   969  1120  1309  1527  1706  1856  1888  1837  1713  1500
  1289  1103   904   749   627   568   551   560   586   634
   691   751   799   792   820   774   736   680   627   562
   514   459   424   362   333   318   300   287   265   266
   262   263   255   270   278   289   317   343   400   468
   561   695   873  1100  1372  1660  1954  2224  2400  2459
  2435  2245  1986  1671  1358  1086   868   682   578   521
   512   537   600   704   855  1032  1232  1466  1693  1866
  1966  2024  2016  1846  1667  1429  1179   950   763   599
   484   404   351   304   284   273   259   251   251   252
   245   259   250   253   256   264   285   301   346   390
   458   528   624   733   829   916   988   994   929   843
   742   638   527   434   377   320   282   273   256   243
   240   240   230   220   230   227   224   219   227   227
   224   222   223   217   213   216   219   219   218   220
   220   220   223   233   237   249   258   261   283   304
   324   347   353   359   363   352   341   330   308   291
   271   254   245   245   239   228   217   217   218   223
   207   218   222   215   210   216   213   212   215   212
   214   211   214   217   205   207   213   208   211   205
   214   213   212   212   213   207   203   211   211   214
   214   207   203   212   212   214   213   202   210   211
   211   214   221   217   212   214   219   223   225   227
   235   240   243   252   249   249   255   262   282   308
   351   398   470   525   596   646   681   665   615   563
   484   421   364   317   289   261   245   233   228   219
   219   217   216   221   215   215   210   212   212   204
   209   206   216   207   214   207   209   218   215   222
   226   230   239   249   263   275   292   317   323   341
   350   330   320   307   284   275   265   269   275   292
   311   338   387   413   463   510   534   559   539   533
   500   471   455   410   373   342   307   288   286   281
   292   291   312   326   336   346   341   327   305   277
   267   249   229   221   220   217   211   204   203   220
   217   217   214   205   205   211   206   208   201   208
   214   212   206   216   219   215   217   211   214   215
   224   217   215   218   218   228   227   228   225   219
   216   219   218   214   212   221   214   208   204   209
   209   208   212   213   218   212   205   207   204   206
   211   216   214   210   219   222   224   231   227   237
   235   238   245   242   248   246   243   253   259   278
   281   297   310   324   322   311   295   281   259   250
   239   233   227   226   223   211   209   217   214   213
   217   220   210   209   215   218   215   217   221   217
   219   220   228   229   230   234   251   261   288   313
   362   424   524   646   781   920  1024  1120  1187  1187
  1166  1114  1044   991   927   823   717   619   520   421
   353   308   273   256   245   234   230   224   232   226
   222   222   227   225   226   227   229   235   233   243
   238   237   236   232   231   227   225   220   218   215
   219   224   225   222   231   243   250   269   286   310
   325   332   337   329   303   278   268   252   236   228
   219   225   222   214   228   221   217   221   222   226
   237   246   255   269   284   302   313   327   321   333
   331   332   358   402   460   557   660   769   859   934
   955   921   824   694   578   474   402   344   306   300
   292   292   302   304   306   305   303   299   278   259
   257   245   237   240   233   232   235   241   257   274
   292   309   333   360   381   387   387   386   382   368
   363   352   337   321   297   281   265   255   251   237
   238   237   228   240   234   226   229   228   233   243
   241   257   279   305   345   410   455   545   622   673
   725   717   661   592   518   443   371   336   290   265
   252   250   244   242   241   243   248   253   252   264
   266   282   291   313   346   374   415   430   433   430
   406   384   349   318   307   298   296   304   313   328
   346   341   335   324   336   341   341   370   414   442
   490   520   532   548   561   567   585   584   558   527
   481   424   370   333   312   301   307   314   340   379
   427   467   535   584   602   580   532   481   426   379
   329   303   288   271   269   267   263   267   260   260
   263   263   270   278   293   318   364   424   512   643
   817   982  1163  1289  1373  1393  1348  1244  1157  1077
  1020   965   907   858   771   647   555   468   405   348
   316   291   277   278   270   262   268   270   279   287
   300   319   347   378   420   469   536   645   773   925
  1115  1254  1367  1400  1327  1188  1038   879   738   644
   594   601   643   697   786   842   847   791   702   592
   508   418   362   328   299   279   270   257   253   258
   257   249   245   257   260   284   296   322   343   382
   405   411   416   406   372   353   330   317   313   312
   309   303   288   276   264   246   249   241   251   243
   246   246   249   244   252   252   258   265   263   284
   299   320   344   363   372   358   351   354   330   322
   334   339   345   357   360   358   372   425   511   626
   770   946  1118  1205  1227  1157  1041   873   715   562
   446   377   332   297   282   276   264   261   266   261
   253   258   262   260   283   307   344   402   453   529
   604   661   672   629   588   510   440   377   330   301
   280   269   258   252   251   252   256   253   253   253
   262   265   284   291   323   374   431   511   602   678
   743   756   717   657   581   490   418   364   335   306
   290   286   283   283   274   262   266   261   261   264
   269   278   288   306   319   330   343   341   325   318
   298   299   288   309   344   382   422   470   512   514
   515   488   440   396   366   332   311   305   300   293
   286   306   313   317   327   343   330   320   307   298
   282   274   266   274   271   274   290   302   321   350
   367   386   394   370   356   332   310   288   279   281
   274   284   280   270   278   269   273   268   267   265
   257   258   267   267   277   287   302   332   360   411
   457   524   608   699   861  1096  1377  1685  1901  2069
  2016  1800  1500  1181   937   728   629   576   556   535
   519   486   465   429   385   361   342   312   293   279
   277   265   257   256   250   260   261   258   263   268
   284   306   325   337   337   344   340   337   328   321
   306   295   289   281   267   266   270   263   256   266
   264   259   261   261   258   253   248   244   249   251
   245   245   247   247   254   259   250   251   258   252
   255   259   256   264   268   281   303   331   371   420
   484   532   576   582   563   527   490   465   467   449
   416   393   366   331   316   297   294   292   286   295
   306   315   334   373   406   447   499   507   506   488
   432   391   342   315   292   275   274   259   250   258
   252   255   254   253   254   252   257   250   255   251
   254   260   249   253   254   259   268   270   284   305
   322   364   417   470   573   678   771   847   854   794
   720   611   520   463   412   399   416   428   432   420
   402   364   348   334   321   330   342   380   385   420
   441   465   444   406   383   345   332   321   308   292
   303   314   333   379   438   505   594   659   717   738
   710   642   547   492   421   386   344   337   350   364
   415   506   586   674   750   787   753   682   597   499
   417   362   340   302   286   280   283   276   282   284
   295   310   319   321   304   298   293   283   277   269
   265   277   283   283   293   303   320   316   331   346
   327   328   306   291   286   278   273   267   272   257
   260   265   264   272   270   268   269   287   292   295
   317   335   364   410   477   556   642   755   864   946
   970   941   870   759   647   540   468   418   379   381
   405   446   476   523   561   555   529   485   436   398
   355   322   304   285   270   278   260   268   264   265
   263   267   286   293   291   319   366   411   461   489
   521   555   550   511   486   436   392   368   330   328
   343   371   394   441   468   469   456   416   394   361
   330   312   293   285   286   275   274   281   279   298
   312   331   375   406   452   506   546   568   589   588
   537   498   463   402   386   361   350   330   338   359
   364   385   436   474   544   647   695   763   802   812
   756   669   606   527   452   409   376   368   391   400
   444   481   518   556   577   575   557   552   562   592
   596   583   552   512   482   439   385   342   316   300
   287   279   267   269   269   271   261   261   265   252
   260   263   265   260   274   267   271   274   269   264
   277   272   277   282   290   293   294   300   325   348
   382   412   466   513   562   585   608   619   594   567
   526   518   501   480   470   465   469   458   438   448
   470   470   500   505   519   517   517   502   460   410
   375   347   347   318   310   302   311   326   320   334
   374   444   484   561   647   699   747   767   749   723
   664   619   578   553   541   530   530   525   517   493
   482   456   423   383   380   343   326   314   302   303
   290   290   293   277   286   309   327   357   396   468
   529   590   649   699   720   705   672   635   604   564
   548   537   564   588   611   636   636   606   600   560
   512   473   453   428   390   393   401   395   440   479
   549   618   675   746   803   805   788   748   671   621
   544   460   421   384   343   321   298   278   287   280
   268   281   272   287   282   284   300   303   309   322
   340   347   370   401   420   451   491   508   530   531
   522   484   468   427   379   365   344   321   294   291
   284   264   281   261   256   261   266   264   258   262
   250   261   257   253   247   259   259   256   253   256
   257   261   246   247   250   270   254   245   254   274
   272   253   260   272   265   267   276   280   289   318
   331   366   386   426   461   495   532   591   627   616
   634   668   645   620   607   560   518   470   445   398
   376   336   325   301   303   275   273   288   278   274
   273   260   268   276   276   294   293   277   292   284
   273   291   287   303   306   315   333   367   387   404
   440   480   533   601   620   647   663   652   665   630
   628   577   520   472   453   413   412   396   361   370
   402   389   423   452   469   498   535   538   564   572
   585   574   543   495   484   460   428   375   341   340
   312   309   288   271   273   267   255   266   261   269
   257   249   245   259   258   259   268   279   256   259
   287   269   281   268   277   278   287   277   285   284
   278   288   279   287   289   308   308   288   302   295
   301   303   294   287   279   279   276   275   264   274
   269   269   268   261   256   284   279   280   296   297
   296   308   301   300   297   300   289   290   274   275
   264   262   249   251   248   252   249   249   262   251
   239   263   265   240   236   250   248   248   254   262
   252   246   250   251   247   248   254   236   251   247
   254   248   259   259   274   263   287   283   281   296
   292   323   330   339   358   349   365   399   406   428
   413   439   418   425   411   417   391   393   386   359
   381   363   364   375   379   392   402   436   451   463
   452   449   479   485   484   472   508   518   523   561
   559   573   545   561   568   573   562   573   565   499
   496   488   449   442   391   387   390   359   338   321
   322   327   338   306   290   320   308   300   307   306
   314   318   298   313   303   302   333   285   312   312
   285   290   288   294   314   300   306   293   299   328
   325   328   317   292   321   291   302   291   297   301
   270   262   277   258   258   243   269   257   257   240
   282   245   243   260   255   275   255   270   286   271
   258   309   299   297   304   319   314   290   338   316
   341   384   360   367   383   366   369   363   332   325
   334   373   336   313   339   325   307   277   286   305
   277   262   262   241   251   260   245   249   260   256
   242   258   248   235   245   248   281   228   230   212
   237   244   231   266   231   234   247   264   247   261
   223   242   271   247   249   251   232   225   255   209
   266   255   273   250   234   257   250   270   262   281
   257   260   257   242   255   250   274   288   275   277
   278   264   298   312   282   314   341   314   295   326
   347   336   444   393   375   425   413   415   450   326
